/
6549751638979978058
8155532302640434398
0
/
256694384680949247
689312524833518535
0
+
-610778655830527131
-6808517340757687855
-7419295996588214986
-
-9053555987582966996
-2586512774798676947
-6467043212784290049
/
-2315852876442996488
-2077627469135415654
1
+
-4025372428371997405
-4344936009049315546
-8370308437421312951
/
-6222933666136720404
-5193020845247755475
1
-
-2926421202038375111
-7950890873186758513
5024469671148383402
+
-5270411593950999379
-1374562746535482124
-6644974340486481503
+
6821605444660889438
4955787900922440262
11777393345583329700
*
-7779011542987490619
-1059828923740232915
8244421431367280775491651326437524385
-
1029823118595582394
2814493206385043490
-1784670087789461096
*
-3815941804374989824
-3883042255202228062
14817463269780719867590550433377241088
*
-6676903986371162232
-895943195039359304
5982126690520413839779805671122606528
-
557020736389964688
4475415898249202558
-3918395161859237870
-
-7538221083113092902
-6577398879351622261
-960822203761470641
-
-7284315803825116935
-2576317801983412857
-4707998001841704078
*
1859569416335413143
2510260598622190933
4668003836229652395052235658383632419
+
-5893688011381811540
-7988054638495324925
-13881742649877136465
-
3368212101840764814
8905870026948074452
-5537657925107309638
/
-224534915567541150
-4923723058063328405
0
-
-171025741238245299
-4243255923305278906
4072230182067033607
-
5816943576806717091
3866887495653167062
1950056081153550029
-
2314122752240143290
6663658125681441065
-4349535373441297775
*
-6431942116864992218
-4878879646852844365
31380671483708209452723074906890151570
+
542537525314169764
3255910467874419248
3798447993188589012
/
-8394719983761872383
-3537377179820514651
2
-
4544017515201731728
4099143142396720284
444874372805011444
*
-6351472849220251726
-1023091317407464154
6498136724786487272586362571201629804
*
2051727461052700979
8385968484950828634
17205721828096129092102973709873032686
*
898490694233858631
139478653947082947
125320272615718683391382782428865557
+
-5979599046008039110
-3309606202142260161
-9289205248150299271
+
1332963416753255074
6246600780439206537
7579564197192461611
+
4262710838847477386
3503166296834967726
7765877135682445112
-
-5790548117035375894
-5338833352151817551
-451714764883558343
-
7212867171236733418
4294127850476340859
2918739320760392559
+
4611471593466925427
1484730946282645277
6096202539749570704
*
-6812497405487211170
-2598457610475562600
17701985729633268601010256110754242000
/
6299149866059449950
3748334704888039293
1
/
-4881310899664876851
-5224933656980511627
0
*
-4118048162713085390
-25759371753925637
106078333523896817385832240891143430
*
-536368689640344910
-3923677790719621671
2104537915179206944017614293150544610
+
2273799312882658152
7837488268132628494
10111287581015286646
+
87428974793282013
2149557966519333943
2236986941312615956
-
88225044267941183
1904459965601441436
-1816234921333500253
+
4173814485861124170
8411396509968299099
12585210995829423269
+
-761181369617495251
-2562501246040917506
-3323682615658412757
*
8375360326222494602
7503065202453401957
62840874621688772120388477073968736114
/
4198551768489531895
2664785535298526137
1
+
-9097874209583245019
-846911324074125851
-9944785533657370870
*
6730755677064306122
860009440840850558
5788513426268454418790981284566516076
*
-4101007219148253311
-4277903271526687382
17543712199348875428879774087243421802
-
3182869822541999272
2523270202702973490
659599619839025782
/
-7094294537137688367
-5765513166421896700
1
+
4725981136738462390
6806460000361241043
11532441137099703433
*
3049400102115568450
717326799063896460
2187416414315679715952714884842687000
*
4668452807953829269
7143430581107030235
33348768554792369637349183504810948215
-
8453031264839187627
4142915893144226388
4310115371694961239
*
4938224890876513426
6485117280682360484
32024967575719041091743946165597858184
/
-7824017732799529799
-3373519474778777288
2
/
587165161785896692
8274987568561663726
0
+
5412169898893196572
7099446638951244500
12511616537844441072
*
6275261964343915680
4291448249076604246
26929961969380709089970688865353977280
+
7390968537267920679
7392023400075168493
14782991937343089172
/
-3941804323487071248
-2477093566103817092
1
/
9063298774069980781
846563576230228882
10
/
5767872463869858440
5307292262257600681
1
/
-4693652046362779347
-6038727072562618359
0
-
-2496700780916982173
-735055707910284860
-1761645073006697313
-
-2861602842753894009
-1664293474971676322
-1197309367782217687
-
-7475626709938604273
-5427009293935387529
-2048617416003216744
+
-7849748530102967796
-8735232486325561448
-16584981016428529244
/
-5064951650817273463
-355745568417145795
14
-
7570058043914401541
1000638782977014005
6569419260937387536
+
-4304548397206977124
-1049348355065878960
-5353896752272856084
*
1855993274344235950
4839767926974025968
8982576721850737479430773686419149600
*
-4936332882061467012
-3381799742631147330
16693689270097138887827410704506877960
-
7611543437414991839
1796108339498679452
5815435097916312387
-
-5513203165925070259
-7026834515848822504
1513631349923752245
-
4573089949340512893
9144091236799379896
-4571001287458867003
/
-6719232265038789510
-7666506438221391989
0
+
5576676059199689102
701936676153663655
6278612735353352757
/
-91858317884943454
-1948440487974567965
0
*
-1766181790184771844
-6568471646151893057
11601115010778465709622032814232687108
*
8726253572247219396
6921206888287154236
60396206333177841200123320736782761456
-
4931726261336906437
5893939570447058091
-962213309110151654
-
-2507980519535445306
-1364630364400574137
-1143350155134871169
+
2518385318235725816
8043268230255021802
10561653548490747618
+
-2660477106684052698
-8819467776335064630
-11479944883019117328
*
-8979369790338970190
-780338617836052864
7006949011231919789396802788160124160
+
-6656013626614989928
-2575808129480229879
-9231821756095219807
/
2312749719030445174
3789745407558145365
0
-
902979672387863437
7312757345973735421
-6409777673585871984
-
3144032603678915515
7871190951581070850
-4727158347902155335
-
4805693902759031742
3390590921453504532
1415102981305527210
*
-1776940913913668163
-618299299572569233
1098681322454662067867385745305428979
/
466419361447238764
1463745290812845372
0
-
705810964584226478
6593730779514930866
-5887919814930704388
+
-5259440477140822553
-1829110485882804867
-7088550963023627420
-
-6089678048223539350
-3104231277126567777
-2985446771096971573
*
-707883711433293788
-4520128589197032413
3199725401876533453362002695587550444
*
5928431100747711238
6321735543143802019
37477973604675940370955045519653389522
/
5193698746378655125
5454639380288953432
0
/
7276445027388294712
4852009650467313969
1
-
-3464232906242598846
-6769187494922371846
3304954588679773000
/
5111675062835891130
517324854018084775
9
+
-37521132783210592
-3557164631413967187
-3594685764197177779
*
-1782184167921264812
-6426809061891128878
11453757360355286006291101836258440936
-
-4186187720190584570
-3498374475663954869
-687813244526629701
-
3079844880996349344
4172306841696457917
-1092461960700108573
*
-1144425916798999755
-4307798721460482809
4929956501192972019528317050572711795
-
-587810976275419241
-6629550194354653566
6041739218079234325
*
800163012784829000
4048238357536689942
3239250600637665586407988134489918000
/
-5165885635333461685
-6518924051736854691
0
+
-9077334374450851204
-6737707687405804369
-15815042061856655573
*
1038316835156929231
1991132194445625364
2067426078515853151637897399686615084
*
-3081282501311180569
-4370973009928999614
13468202649197687631367303363485300366
/
7520061143500644325
9200293307117506558
0
/
3692720426987783722
1222507473418995903
3
-
-5326547010404910050
-5580295528280169586
253748517875259536
*
-4849448977747162388
-5097486677343574331
24720001556523575935633619880605462428
-
-6845125903436599736
-6803617396566698713
-41508506869901023
+
9019331935495924500
5817503217728800406
14836835153224724906
/
-1913041190034915706
-825526883022653870
2
+
2717161018014484338
2768857373678618213
5486018391693102551
+
9088144648330646636
6089775351984643376
15177920000315290012
/
988292665367929612
2114743663027013866
0
+
-2898881778262682547
-5941021983027135060
-8839903761289817607
/
-4899407110559486109
-7912620622628575753
0
*
2291769324966961794
6894585964517957377
15800800621830008376885607558479454338
+
8784312325419631790
9060340362266940420
17844652687686572210
/
-6789051791998798627
-233070332624367898
29
-
-3782793554329830590
-8180936363905866356
4398142809576035766
*
2260517435122069726
2489158897456332496
5626787086489267702948024364751616096
/
-4137060581210329458
-8513251623527801057
0
/
-7632107070948051059
-7344263183532847414
1
*
-3838507402720083801
-5602326569831598993
21504572010754007238973875918787212393
/
6756358337594129108
7399615371609188002
0
-
-3183858143824009701
-1707044592477529335
-1476813551346480366
*
4410675003271130741
2325024915198523605
10254929275448708575180183682129641305
*
-2704290247580389621
-6967086128660329754
18841023071788741407233635261659083234
*
4500413894579403468
1642838615846914416
7393453733309048606181317873729594688
+
1385709437617285700
7955520324905987397
9341229762523273097
-
1182288236191222530
4761730799683271554
-3579442563492049024
*
443517138935527296
5460396976862876282
2421779644630425525891822126881993472
-
3090299301545154577
4673257994414872212
-1582958692869717635
-
-1322668300189334173
-1291217507766961304
-31450792422372869
+
-6610377148562332480
-4376016638801967996
-10986393787364300476
*
18549227773675164
8524947472147885500
158131192419487439314909246465722000
+
1043261901057251277
1828432609048957195
2871694510106208472
-
3749534076178949565
1776408369615616424
1973125706563333141
/
6801132510946205734
7179393280630441879
0
/
6903795547370307074
697155689898621953
9
-
6502793667988039931
8629008987424715389
-2126215319436675458
*
-7373724668290982293
-2204383985243821950
16254520570377954613993588075094731350
/
1882816859115759421
8207427933297385231
0
*
1250103594398859812
8444023810468892302
10555904516656718841496279403423967224
/
-282839967983225448
-6313989031639739300
0
-
-8707629174680269135
-5088565916635616560
-3619063258044652575
/
-6304702805632964058
-357928899434564764
17
-
-3150387267904847541
-7741643934427893905
4591256666523046364
*
49090847008731836
6291814158260333118
308870486250530888637178220091744648
/
2505607885448667922
3632877973213140174
0
-
-2198645476884019752
-2041059760053246319
-157585716830773433
-
-7270661669374405127
-7076745074979846244
-193916594394558883
*
-5648279758085953172
-4277000923595602644
24157697742059968787946451844503386768
+
8934578843971041691
858043281921833200
9792622125892874891
*
4396708418787921510
2257602008537101560
9926017757207595477718518032178555600
-
-1720752471199873585
-1440774665372430822
-279977805827442763
*
7959113787332763811
7639529070583292824
60803881154408940855129149001043192264
+
-90772256868817106
-9173529221273803768
-9264301478142620874
*
5296490329512463857
6270342221252457021
33210806937597340638627631404708389997
+
-4871452236884058812
-9080609028982425148
-13952061265866483960
*
7222565717515445716
8070325905690010152
58288459215613457468028894740844908832
*
1611914484092249921
4372543378952816058
7048166004855711737755454416078031418
/
1553704283325568152
8073534174298192420
0
+
935229557274134753
7341541123372293628
8276770680646428381
/
4104892774829921070
8795438450194275971
0
*
-9187099276499496379
-8582410187904292531
78847454427917432680793211273791245249
/
-4530436084196737760
-9052894449443045978
0
/
4247021435375223214
5672289304253995882
0
+
-8596892633138892087
-6904558680949797215
-15501451314088689302
-
7388743908066710937
7663790699447259822
-275046791380548885
/
-2432328803963776944
-8261723081349446843
0
/
-4005486784523581757
-284427395239146036
14
/
3561115991691382879
1552685573509178875
2
+
6305332192945960438
5708811048789587699
12014143241735548137
-
-7009540336144615424
-2931137827611939480
-4078402508532675944
+
1323552744516561336
1409605399466799212
2733158143983360548
+
8834791745461708482
3896666083784689153
12731457829246397635
/
4900404489530012843
7514848656326857439
0
*
-7201052069765716958
-6784417055930466058
48854940482761914516965566331454011564
/
-25221094699658818
-5764677036504454521
0
+
7748401765439422831
266849192877318714
8015250958316741545
*
-272714459299866980
-8746165200516399590
2385205713606142580074618995526538200
/
-6117589515126857525
-3866568228583064437
1
*
-6378461791939667436
-5880183074426013392
37506523069836652230082794247762302912
*
2376040119590008072
6862304189371604181
16305110066777519797692800613378949032
-
-5499842670633493734
-5437712971327474101
-62129699306019633
-
-2365152320037065060
-3613572424196597619
1248420104159532559
/
1525363758370893698
8109715147546977602
0
/
4192977646841169489
5838850105921005990
0
*
4504686694096100497
2971810773992223289
13387076450974202001805823898207874633
*
8803447962040067263
4490445279136373734
39531401341265550320638895607266470042
+
6222914625720446879
5436283650526666669
11659198276247113548
-
-6685521787379803646
-298433562944395040
-6387088224435408606
*
6510264119352428408
7217820325786672375
46989916686901628538018050917738829000
+
-6428844305749188530
-2812593688150434162
-9241437993899622692
*
-6945987741240273787
-5003065413690819267
34751231032119629666384820639414654129
*
3471268355748241826
5296863534017626094
18386834770352186315090617034759807644
/
-342065915911315630
-5774819544402735406
0
+
-8606981972029535512
-2218033828892494979
-10825015800922030491
-
-1759674210776935417
-351051544122169249
-1408622666654766168
-
7106481333218500941
1312325758391303890
5794155574827197051
*
-532032778475061319
-5094192026987670695
2710277138203754995190087147104346705
*
5958534562214156310
4051376756126304533
24140268425929658693729548818723553230
-
793914518444240639
8255301665576594863
-7461387147132354224
-
-2436876424188309505
-8559664692679986708
6122788268491677203
-
-1196044193838361122
-2577640956057443155
1381596762219082033
-
-3291796162677108329
-8126221533211440033
4834425370534331704
+
7561267621655780743
4508944062011573321
12070211683667354064
/
2522318433560998314
3648096709793245934
0
/
-3486456823212960484
-4974847999867538950
0
*
-1028014107645761751
-2399309832987768880
2466524356924622886037289353532108880
-
203864685406425061
6599001369469712460
-6395136684063287399
*
2357515590191692762
2621412174845987690
6180020070517727568259741404914099780
+
6659043106770557881
1428993438142767821
8088036544913325702
/
-4621467277654520847
-1065880738774695472
4
/
-5841877753993628564
-9137624813382989744
0
+
6054407879424326904
5800927597182609892
11855335476606936796
*
7936633454469513978
8398458118240129670
66655483667185694224381297820597527260
/
5772494076161022158
6716263075820573349
0
*
8045003304861798212
2488852986620791509
20022830502679424538800803780480981908
-
27925010699066657
6760059903349823410
-6732134892650756753
*
2664690138301237141
6178661437650059156
16464218200808256834794457106634312996
-
1300631748962555617
1533614212692711526
-232982463730155909
-
-2168375113342801725
-440817717206665260
-1727557396136136465
+
-7425819581271084868
-1593088231662508197
-9018907812933593065
+
2196514768261891865
2785563258042588782
4982078026304480647
+
-1961563862786743769
-2771242426541342595
-4732806289328086364
+
-4574775774460111349
-3142708519987624270
-7717484294447735619
+
6051993574008321181
7844470436030599156
13896464010038920337
/
7111411453292032591
6583839043747951641
1
+
5068329195695325492
6906873809424922499
11975203005120247991
-
6524478903040184463
6411553248322321037
112925654717863426
*
-1112744713498871255
-8142934223656544671
9061007009742855426041565551985332105
*
-6443825819501399010
-7892836365847993454
50860062763350890388156370554322080540
*
3609984054079943868
8596257615413616094
31032352916406436797918385966421411592
/
1998330987846820135
1785645543815984473
1
/
7853437189200394152
6680594474799862458
1
+
-5963065837326234622
-6385845936467864610
-12348911773794099232
/
-4632259033741953489
-536637086381288780
8
+
-5870144810562596124
-4144365670831993281
-10014510481394589405
-
-4554192060522133996
-741821348277135867
-3812370712244998129
+
8964743500685311198
2146329110190294154
11111072610875605352
-
1763071336052426057
930621454167532688
832449881884893369
*
8023846072854771241
5510839789757304239
44218130205175958817452129241184590599
-
6978800159632084108
8729191222075947955
-1750391062443863847
+
-7953353240531410189
-4555861485607871457
-12509214726139281646
-
-2465361327392377427
-7532208978694955764
5066847651302578337
*
976056328678001107
3039675360861256743
2966894373095216433622376249165214501
+
3075137561243963601
5530267640584859833
8605405201828823434
*
2410226823704992673
5199920650924011502
12532988233994578215963736934677724846
/
-1147816367033498594
-6960962983701478747
0
+
-7355272980071717839
-7735491169551302468
-15090764149623020307
/
52667978755720163
5601590513302522630
0
/
8281280896942182159
4925670037565303949
1
+
5777751286643462564
2110144116856080795
7887895403499543359
*
-6437252519313410070
-8031343557577078853
51699786549484576329710162020714249710
+
4918443531150924403
7208326266801457300
12126769797952381703
/
-2473329681352305391
-4770647999273173936
0
*
1993413568924287156
3312289303707996434
6602762442214299262004700790440001704
/
-7750804626990633221
-6332033377589634110
1
-
6856963987096378538
2525390770765713604
4331573216330664934
*
6352715429362679559
6367354313430337291
40449989991147914879601425344921134669
+
-7830444068358351767
-128281401692620189
-7958725470050971956
*
4714291783487206728
829649089044168362
3911207883658568851106559361131139536
*
4470007557536481448
4388441208162290361
19616365366289965289916033028865722728
-
-2075457975572517896
-2231824532614935691
156366557042417795
/
-9935454981638197
-7933393082939771577
0
*
-2927308320076465792
-3753696310692506689
10988226441330509153689933072439682688
+
-5961578735315493340
-489025810911491656
-6450604546226984996
*
6656859256420217800
3489972613764531807
23232256498591485177750736865967564600
/
-6433372221161501641
-3399803337343829076
1
*
-1125708129461147232
-4749840400780013068
5346933952801054404635303439232027776
/
-974716094070017454
-9102998482919222214
0
-
-7549605633256602979
-3365651965071071763
-4183953668185531216
/
-4593517890043509454
-6902293223846904274
0
*
675893410717523097
7225131590108672195
4883418833321471515218043989914187915
+
7623718878542747343
4758299463020548729
12382018341563296072
-
-8692319226842543721
-4487318549771309568
-4205000677071234153
+
4279571198077749325
211559504856976901
4491130702934726226
+
-5632487384872611628
-1463927429921670673
-7096414814794282301
-
7157825334272903354
1641339006754636712
5516486327518266642
/
2556786051068416350
470436950913505003
5
*
2056868971912110260
8911652692099772729
18330101910837049216452915508789099540
/
4140753664901360832
764195515994691168
5
*
8801120026389709743
7018140762084990769
61767499209208151603801005890744362367
/
-7558041974264199148
-3879015340868237119
1
+
-8422893938586045139
-1580947252560414497
-10003841191146459636
+
-5324299737093946454
-5052687047464736060
-10376986784558682514
-
-3735837938352168587
-3337362050183480103
-398475888168688484
+
2859995508818903232
8726724996846849549
11586720505665752781
*
-1938683568785651539
-8968135472643999826
17386376883458665412504310030412632214
/
2465083832374851101
785505029135763810
3
/
-1633250823636828859
-3330380770462216778
0
+
-2756644100968736664
-645601852969242462
-3402245953937979126
*
2941878025163648574
4881186835481764878
14359856288021893647859169375287983972
-
894015362676727645
6643821250467019757
-5749805887790292112
+
3524705736701864273
3735309815479852382
7260015552181716655
-
-1071507902253608976
-1829563609073385242
758055706819776266
+
-8950946854964514027
-6779646727483965790
-15730593582448479817
/
-8201666811222231364
-450771182212811002
18
-
-1232076293945504831
-3800961432718268935
2568885138772764104
*
-7935121731536421291
-7643780649918920462
60654329946269215830427086081552356442
*
-4114391856762841835
-2862821382250813214
11778768982499288753572231966410007690
-
7013326560505692167
1698101697305182591
5315224863200509576
*
5588675562930488177
5638853177140423525
31513720954037628209665446808785163925
*
-3848028448134211358
-4196109505559699532
16146748748880103516526162160261684456
/
5014742856746774550
6624948381986857534
0
/
1124180606038122514
7116737968514893271
0
*
9055420365753432912
4564129779499286252
41330113757219561819839387122765925824
/
4207927275962224205
5687586961684914278
0
*
-5345041996377583128
-2040388201810964089
10905960627592942468526960729420290392
/
-6010843225937208840
-8938704716307891421
0
-
4513151674830286826
7758430259957987793
-3245278585127700967
/
3944586596065894711
8008376804638038144
0
-
-3999565171950812536
-7926812973632239877
3927247801681427341
+
-2887628145936412963
-4624840847039454242
-7512468992975867205
+
-3371279941221699798
-6459942991886560037
-9831222933108259835
+
-5090287861315393036
-7508083758305685646
-12598371619621078682
-
-4593505991591705115
-4403958921872074239
-189547069719630876
+
3299452370596920295
5477458422799856679
8776910793396776974
-
8396516935026252639
3860210046610380278
4536306888415872361
-
7754967688869765359
786813665253445224
6968154023616320135
+
6307229688330105549
6059095732697793551
12366325421027899100
/
-2827500371945091693
-261669645638424835
10
/
4016719912662068591
5605959182622707996
0
+
886848137457682988
2970817554589071798
3857665692046754786
-
4210186585018383990
7289968235786988173
-3079781650768604183
*
-8870617345987432010
-793447303429121856
7038367412925321579606290006805010560
/
-2655436912112545297
-1586634803854952179
1
-
8160644006146109817
2261107694251312627
5899536311894797190
+
-7349998970559931646
-430877800832931458
-7780876771392863104
/
-3942991581962603238
-5712471779348470068
0
-
-7738061478342132771
-2851386984955084008
-4886674493387048763
*
5252142253016818586
5095923125935997453
26764513167853998617944625012659061458
+
2193673854680143334
3392156908082895890
5585830762763039224
/
-558673746538185536
-8970407773094559566
0
+
-4621027212875214931
-4310720041947494917
-8931747254822709848
/
-2484028143720030179
-2149682681746009
1155
*
7617529064334327056
4514541876016129912
34389653952707287632056952089992499072
/
-4752752527720056157
-434597188067768146
10
*
6688742640484357378
3574955501228784788
23911957298903101279920810298041965864
-
8368165102387048028
3559621974759269322
4808543127627778706
*
1103771065951917045
8518840025551041882
9402849135676329733905016614984678690
+
6631105522817742651
2485311287677937307
9116416810495679958
/
8896790808096817972
990875937935437727
8
*
1871042587436195534
4736426118346777461
8862054979671930583686551398780059174
+
-2420372818954589703
-8823114156354904368
-11243486975309494071
+
-8316229384935337428
-5419293392771846891
-13735522777707184319
-
6708868423486098210
8546253546595009679
-1837385123108911469
*
5491430572504650431
2141082654235868051
11757606745730249398486209959596279981
/
8110907475681322429
6193115524134383261
1
*
-5068234317149854907
-4632840724489395292
23480322345746549437406806517968897844
/
-5206763619410981237
-4013669691716600895
1
-
-3490768185458912354
-3850177954828754258
359409769369841904
/
1325334035757179146
8304944803454425091
0
+
4015954621593264909
162679764060662129
4178634385653927038
*
279788758634544283
4716409658596440235
1319598403590672821720231085270426505
/
5469807453462088601
9043888489959503033
0
+
7087251207188743389
2864792267763898642
9952043474952642031
-
-5647130688053986281
-6424789450205698867
777658762151712586
-
-6547838135813049859
-2802560224745261587
-3745277911067788272
*
347682417895792794
7985320438825551889
2776355517843561029007282918239287866
-
-9179803660902311275
-2718815160516099332
-6460988500386211943
-
-4031436455836114710
-5577519495310181532
1546083039474066822
*
2244623018463374949
2197138071793678464
4931746690690325969148638448778398336
-
-3085928515107361389
-413999615763979037
-2671928899343382352
+
5349798502521258694
538895205826389026
5888693708347647720
/
-4705661523697771428
-3457361394977656212
1
/
2617240171759825033
219811953138254038
11
-
8029346811415097902
4613349738589493386
3415997072825604516
/
-7716111958197197155
-5363866532691493751
1
+
6965202588318954498
1180167199464404703
8145369787783359201
*
-4963702165018114378
-6314771834420778020
31344646626109825542850864684108371560
+
-7462064368141156675
-2748509204797346498
-10210573572938503173
*
-5463053889636639977
-5798261518565449226
31676215142129428174950832582235307802
+
3096274270760519612
5186240579683146071
8282514850443665683
-
6555930252044383701
4221914076460533365
2334016175583850336
-
876494442386520238
4488774624088538977
-3612280181702018739
-
-1861247783282196892
-6778397663383008926
4917149880100812034
-
6575071341930002470
7858868075190187002
-1283796733260184532
/
-5098769962076503880
-8618538870524754814
0
+
-4313659609163966073
-1578276449757056848
-5891936058921022921
+
-5144770399222813557
-2147067646267599089
-7291838045490412646
+
-5913155254144352345
-7088783968821034763
-13001939222965387108
*
7943947015673766692
8562966203865713003
68023749820514353683914935107252696076
+
3941861532375944860
4229875819457371997
8171737351833316857
-
834639820836909277
1989861111222650482
-1155221290385741205
/
-1441923049841274235
-5204054851713415373
0
+
-4094563647880735758
-5267636098825772972
-9362199746706508730
+
2442491681252166636
4855673709851684883
7298165391103851519
/
-7042770438690628248
-5362944417924176079
1
/
-5065731531071076558
-298038882456914926
16
+
-1313749475274005646
-2461122889528219624
-3774872364802225270
/
-554972154767343512
-5246926622184998458
0
-
-472777758146303089
-9047960097911442514
8575182339765139425
*
-3846939647294624774
-4766255138747140085
18335495862368115943929164785689465790
+
7867314581521602946
6483725987516434250
14351040569038037196
+
-6149358185241654583
-7334856608129707067
-13484214793371361650
/
-9057109491834988418
-8100730102842497189
1
*
5811550631393464415
8111611990395953045
47141043784404397525024250678218393675
*
-4284996557999349797
-7507466288281155628
32169467204580906225139289151767207516
*
6697370808428533991
4279823635897631578
28663565884283268510303517951567967798
+
859705232972322851
4546315689108356034
5406020922080678885
-
3110006958099381346
4710884222036000216
-1600877263936618870
/
8625329985999944553
8174895710514584706
1
+
5954238525470708195
7916056636840249952
13870295162310958147
+
-4462386226066024347
-7717896021775200736
-12180282247841225083
-
-8969513210543282599
-2962240390740905126
-6007272819802377473
-
1986895775131265418
3820249960809572266
-1833354185678306848
+
5733274390546216160
2670808432331132918
8404082822877349078
-
6882584595020652767
6501453482813736627
381131112206916140
+
2275843040745668811
7305067627329613611
9580910668075282422
-
3075674545278820771
2036958149377777719
1038716395901043052
-
-5918993620622006738
-1119168878252815772
-4799824742369190966
-
-329626526608775081
-6216702537404453109
5887076010795678028
-
1424228445585381294
8280988970020749610
-6856760524435368316
*
-2806140973447731959
-3628846772813369813
10183055615555170188963206056765953667
*
-4266712759990171686
-6487112855107028407
27678647194381431887735944941209084202
*
-248678409138703956
-869399927783359746
216200990946470007639590421741355176
-
-8981515420629367117
-1384493687793166357
-7597021732836200760
-
1768714497798558623
2731852522481806026
-963138024683247403
*
-5790288683207323703
-4372484270711792821
25317946190204521956390168076418536163
-
8571389955565416916
890877357259782779
7680512598305634137
+
2468554272667199722
5666391931124010088
8134946203791209810
/
-969687706583399700
-5386620472763334593
0
*
4269941289980086933
7906756760915359978
33761387163261705988142881075428967474
+
-4316362757963276847
-5688425803026086680
-10004788560989363527
+
8011877970066630896
7944175139652286323
15956053109718917219
/
1551823427473226735
1785167281808572194
0
/
581670134102305250
2937019770898927911
0
/
8447887202651480266
3001768473799408228
2
+
8338312227907561889
3143263097386815
8341455491004948704
*
-4982510070245023762
-3080919788796474345
15350713873295605161530311746348385890
/
-3095533855337607261
-3499090697303184290
0
+
-772815837565628607
-6602442599618421734
-7375258437184050341
*
-7071599425555255558
-6329819191468903411
44761945758260129553806313478122908338
-
3775266074627450139
4565217500996253462
-789951426368803323
-
-8471810279696714942
-5152401005356058900
-3319409274340656042
/
2677352001963112301
464849726291983120
5
-
-1299647366284807286
-845273779351645050
-454373586933162236
*
-9214427405164640217
-4258235178480762297
39237198926229279138589655719903498449
*
2570491441908315324
4000939378853794176
10284380432937648867991590421602753024
+
-3687621780510467874
-3422954473840501404
-7110576254350969278
/
9200728984243193847
8360095010719248116
1
+
-5119116741157376808
-2697687272916287836
-7816804014073664644
+
-5895185687265282493
-5449282376203226454
-11344468063468508947
*
-7541144339695519699
-4558686413508582741
34377712243677118067364132200936914959
/
-5222822990383914522
-3590663706681226388
1
*
-3463213705970851402
-3019976371907805901
10458823562899238687496639978729723202
+
-73903560104683820
-6121619093851965953
-6195522653956649773
/
-4150296225028925008
-342630368632437205
12
/
-3636024574045812007
-2678275193141675889
1
+
-7082646998994494576
-1606587198664043408
-8689234197658537984
+
-1775474725662482068
-2844949922596718676
-4620424648259200744
+
7034678513068818815
3459146417096998092
10493824930165816907
/
-2511299162363086693
-8549840410139727064
0
-
-743461438506380517
-6910171871902890471
6166710433396509954
*
6852882320687330848
1958461754745836149
13421107934840027817764009264761224352
-
6778878167837241998
6238415231780593957
540462936056648041
-
2718072505782800859
1132701467304787802
1585371038478013057
*
-6377713351858967218
-2078806584584442627
13258032510436537237831993446394801686
+
355735469657389063
1065897075966384442
1421632545623773505
/
8399206670820798733
8227375663054039277
1
/
-7685717363825785421
-2192908404145006835
3
/
-13610805350504022
-541230846498412830
0
/
1776245510926124179
6860030878567231504
0
+
-2823362821117539643
-6940643846087221810
-9764006667204761453
+
-5012141836390828603
-1502064113294829867
-6514205949685658470
-
-4274250289232691593
-208149799385519707
-4066100489847171886
+
1212925846370680988
8307556209476317640
9520482055846998628
-
4845712482053671382
6993804545448678854
-2148092063395007472
-
-3197138133029789317
-3094793595821417021
-102344537208372296
*
-5029322270688717477
-1020111868932291263
5130471341015062443761129332482503451
-
5132967474431193591
3633129499994398903
1499837974436794688
+
6168009918866167789
2070346861801085655
8238356780667253444
+
4255843359648638663
6350506759413518493
10606350119062157156
*
-6864635285938266788
-5997221159429023298
41168735988592077218720975533791626824
/
8711740748067332096
680337525172487892
12
-
3563867958508782638
1864765311963611492
1699102646545171146
*
3639607488228270268
6792318116236680044
24721371878283559345137171577074131792
-
-5587842218126892842
-2116580913985107169
-3471261304141785673
+
-5148516237098526305
-7515059293159371880
-12663575530257898185
-
7916056523407074644
4978641721383172839
2937414802023901805
/
-8324620306678633970
-4416182407361071549
1
*
-6236578099578088823
-6551803415382630810
40860833693116239339574555329596436630
+
3986061107714850165
4908432299247212073
8894493406962062238
+
-7108083752778897730
-8288449471308382527
-15396533224087280257
*
-570606098747214522
-4424758791856289387
2524794352118555489497076693000878014
/
-5320114768492377196
-2307501549230563764
2
/
3683822070799217132
1442312168815576179
2
/
-3458924450433488739
-6299914994761070743
0
*
1774618716674980771
7480271664876495576
13274630102303348413308591019666569096
/
8478190668948810041
2553615645108196356
3
+
509519503863275530
6145079261184378225
6654598765047653755
+
4151072228016358603
809089447104861476
4960161675121220079
/
8568209320840002785
721860278506705538
11
+
3363207509278238605
4717111310140318710
8080318819418557315
/
7382346080869631926
593809433802043108
12
-
2469925992288377505
987835836299948465
1482090155988429040
+
1484931385947678946
4084947692740666865
5569879078688345811
*
-5555098956939530857
-8707340021019522986
48370135468483384827285473060767779002
*
7215985616333790329
3579057544328546116
25826427759905725946480024948151312164
+
6284240728804747010
4448091581422084748
10732332310226831758
*
753574167573309643
5122982199475248157
3860547046462443062906069527226077951
+
-3276088101273026813
-7837461075675551271
-11113549176948578084
+
-8880190858477911804
-6393946845864046782
-15274137704341958586
+
491178255196144057
6990219416721670397
7481397671917814454
-
-1475430974571268839
-5986687368088857790
4511256393517588951
+
3533598472054474540
7348842830850414482
10882441302904889022
*
-626183817612828146
-757241974743884943
474172670601802666472241265456005678
+
-2381123510809719966
-2485142616061731918
-4866266126871451884
+
-1109085188128748801
-4153288731043047367
-5262373919171796168
/
4295643335934618999
5612257030491108704
0
/
-5551942821182258722
-6274862916744959737
0
/
-6870014595429971613
-1060827601526919585
6
*
84593868716233296
2018148885961770582
170723021908862502071118249941698272
/
-3823219484644234821
-3726359814805403650
1
-
-8015993681391498282
-5992948676051275762
-2023045005340222520
-
-4188317939763230402
-1683699802744788756
-2504618137018441646
/
-1122614937786556955
-7087202055741105205
0
-
-739394483141408157
-5607867185279908324
4868472702138500167
-
-8605523705750545596
-1683416652202375271
-6922107053548170325
+
8130550066180526287
1204522642044820296
9335072708225346583
/
-489543870537188414
-3820991017602300701
0
+
-3226425652476434033
-7999687576771555226
-11226113229247989259
-
-6044752161404260209
-4601975065974426817
-1442777095429833392
/
-329268684369243421
-3841254996159303703
0
*
6205824655204439469
312799761911326840
1941180474611390644663718284255047960
/
-1076523313869701041
-1720634489639069142
0
/
-6056178808238331111
-7843677724570815715
0
/
-4340083778213458612
-2490332206344623969
1
+
1206576801192397964
140458676967446163
1347035478159844127
*
2923863956912526953
7224213097752487239
21122616293573891213376825812376052767
*
-3491646012402495915
-4708851982770861004
16441644248635463221827837983142798660
/
2471748200460432301
6379311419310738157
0
*
7892304621341975256
2577884665676842145
20345451060207954122154364550807964120
-
-8667331040782625321
-1784062871317236903
-6883268169465388418
-
9218513634001799029
7544524384488428144
1673989249513370885
+
-368717904173123322
-4516244634107357390
-4884962538280480712
+
-5255303332527437687
-2630053318247190523
-7885356650774628210
-
-9026422279845684443
-1968363484710524970
-7058058795135159473
/
4662243742843424624
979464428530597658
4
+
8699762713173017828
2069159446212291461
10768922159385309289
*
-2443914472025129074
-187993250833954950
459439426356152667612743415651216300
/
4375304812249594944
8778373391056341282
0
-
6098106132612418259
6890249009609264447
-792142876996846188
-
5792712466354979697
2345370397642963125
3447342068712016572
+
2015365711674304597
671148673057317
2016036860347361914
*
4524786178085594128
7049186752880741131
31896062786178848145166865843101678768
/
-9187309824793947307
-1474692455444853552
6
/
-2914613791819436056
-6499771079370012821
0
/
-8948207831802969096
-2682624302549185129
3
/
1018346683111695275
2757406793090246451
0
+
7809944758253940635
7247178590219965606
15057123348473906241
+
6843896511547789031
4820962689751664495
11664859201299453526
/
3556590713585943104
4115558919434845119
0
+
4461386215719204896
4634494809807597329
9095881025526802225
/
2812791280961971584
824760650089355170
3
/
-1576392692041114752
-3397704481246495243
0
*
-5347894453216401718
-5561586943723678106
29742779967420618277263119277417386108
+
-6957569891778137105
-5350846233712624586
-12308416125490761691
*
2548613060532678713
5293421291023447694
13490882637204112399824452210462737822
-
3712105662678364132
6910475319407276466
-3198369656728912334
+
8694387196762570700
3562230730264647911
12256617927027218611
/
-1072200844495013593
-246904694873553075
4
/
3818339707392290896
7226372519875576575
0
+
-7134905594656122683
-8413299450543604561
-15548205045199727244
*
-1445892297925091605
-9067258933966226561
13110279855914243762880106162109120405
-
-7342451321857592831
-5706893844798103411
-1635557477059489420
/
-1499954138189288230
-2508547174955414245
0
*
1370944731176146528
8381013819688740728
11489906738016749646534893887929392384
+
1851652371912786737
883563309551517694
2735215681464304431
/
298261726449535431
3824906865664518707
0
-
6968616062135244059
5959873772231426634
1008742289903817425
*
8365036961472916225
5075223387692216697
42454431225777180647965452399227208825
/
-2819115154201114048
-8796456539035164037
0
/
1193536512565846888
7050187582174505356
0
+
1890936700663688326
4789809837181534483
6680746537845222809
-
-9194187158238426553
-4159343740711016509
-5034843417527410044
-
125651711029681528
3116189820960499181
-2990538109930817653
-
3531532883206731513
2499549003247837459
1031983879958894054
-
2841117683151605924
5194762984033831336
-2353645300882225412
-
-7799488322420183947
-9221380944649257622
1421892622229073675
*
-960952578791884082
-5115844133239771334
4916083612534089290643461060714505388
-
-1455958254029161457
-7748543842442278955
6292585588413117498
/
-5881553277751257926
-4271082037401238142
1
+
4258438096816287895
3149090611876026259
7407528708692314154
+
6463724125506355361
3752937452861795151
10216661578368150512
-
7592871058328452729
6075843093415247433
1517027964913205296
+
-4929837978378514707
-8731011303058211301
-13660849281436726008
/
3259451027636849638
4162677578168347604
0
*
1323233925057890286
2563509628679283630
3392122907880983349481145281615818180
-
7231938235169046167
1756557039786473763
5475381195382572404
+
-1340172558240795637
-7043447683597222559
-8383620241838018196
-
-5321911327259746949
-360874725068925243
-4961036602190821706
*
-886387765609509069
-519905177720361021
460837588808365521237924853253599449
-
4494488028491897230
1649540078053545523
2844947950438351707
*
-3473463499259538932
-6462587870987920118
22447563080633954753793131454327033976
-
-6493289579239576345
-5907832416691587620
-585457162547988725
/
-4597039409743484737
-1612024994584462774
2
-
-3761064308947501677
-6010315236672836787
2249250927725335110
+
8763732207238430710
5174250206489237053
13937982413727667763
/
-7950126846114885467
-4738826860044358180
1
+
-5136147573417663694
-5296215893594142903
-10432363467011806597
-
365909205103095353
8385940448383798920
-8020031243280703567
+
-3008372608838427086
-1810720354446780843
-4819092963285207929
/
-6335989501218923749
-6971946837501758596
0
-
-7011935277696553494
-6932903383036417524
-79031894660135970
/
-8438580597477154687
-5102376483474997975
1
-
7003490173531869147
4569759621726217915
2433730551805651232
-
3228842525913298382
1992080491838115596
1236762034075182786
-
-8327078119755888588
-6766261319734263763
-1560816800021624825
+
-5633549436320106133
-4104309033416666559
-9737858469736772692
+
-2926409630460890043
-3341677452741728546
-6268087083202618589
-
-5072121999717458834
-4853226800067477554
-218895199649981280
*
-280272972326528405
-423924718585056852
118814640920520980898656614717881060
/
6665745788430511909
6707177581173120319
0
/
7350519353467039462
6723342966996027039
1
*
4979432188135409094
942201508979149744
4691628521520531908841859403725371936
-
4356708299902566087
7219264590749362997
-2862556290846796910
/
-8049304181816286713
-7872053451947827130
1
*
-7506821157229754291
-5362255148615637949
40253490400092051346436572521485189159
/
-833618419706702075
-1469316960117597538
0
+
-7996448232140001049
-5246250001795167868
-13242698233935168917
+
-6589287495483886406
-4844622981196453729
-11433910476680340135
/
7001807649852062744
8403833144351961532
0
+
-4483634564079450942
-6010259414917282996
-10493893978996733938
-
-999995837002952999
-4943701074019609476
3943705237016656477
/
8766535693990755851
6805590546713178533
1
*
-7336891668832099451
-6917699741964822184
50754413604303667988362933112619020984
/
-5230651930298802002
-3243196927537882423
1
*
3436955891899159341
3223078310708064206
11077577990040470623865593800852648246
*
2689089282867204685
7203038238370985784
19369612930886087518078232727953198040
-
7952324737673511752
1633650086340190626
6318674651333321126
/
-6346193139021226463
-7430144852474626234
0
+
-1184700185769936303
-2132127511157386962
-3316827696927323265
/
-4665709079320623396
-1697591648642350666
2
*
6491213122880255579
2548652441587664430
16543846174494651391988163692087354970
/
6939932270089450332
3102572294860557088
2
+
-1154082578337080479
-8389283310393659394
-9543365888730739873
*
-3282338240181554151
-7484573786278263188
24566902750161585982121314642851893388
+
7569806570277168670
1695177943523425084
9264984513800593754
+
-1666724304924372114
-430228512272329550
-2096952817196701664
+
-3656874804385547894
-6082713116428224557
-9739587920813772451
*
-6200598376702307249
-7102119858081223013
44037392863163652150098921040815521237
-
-4676415039638522654
-497504033554329449
-4178911006084193205
-
8575602306368707593
7514058468081411542
1061543838287296051
+
2085796682334175959
2548109955017137741
4633906637351313700
*
-2832097905586148553
-4294877567790230557
12163513764487643711619086133521934021
*
-7757779715433874170
-706259794407755971
5479007906882987592596964028480169070
/
4478318855816874934
2827594068389118880
1
+
2055888321687794117
858892028625908434
2914780350313702551
-
-1131591798177028474
-5374702437915408044
4243110639738379570
-
6177205226262243833
4383777571147310612
1793427655114933221
+
8004060114827718068
9116913323212268692
17120973438039986760
-
2286048314824608513
8964436726749040658
-6678388411924432145
+
296982320437619191
727125214781392218
1024107535219011409
-
5819579555068887833
4632031542249091186
1187548012819796647
*
-5824798017271106239
-711940007011645491
4146906741257410129578352185266318349
+
4238611596062538743
2750347326546910139
6988958922609448882
+
-9122898181313847533
-1883234529955154568
-11006132711269002101
*
1354421294623855182
4175175213827572614
5654946218393772285637131745725185748
/
7833058117423909492
5396162400425813088
1
/
2522257407633900221
108446365979306369
23
*
-8766617710055357810
-4589356012959538035
40233129700960132349237371494229303350
+
-3766483943957770632
-5738318416713945240
-9504802360671715872
*
1191070485289519209
2789337958415665907
3322298115766623942802633381602907563
/
3904731637440828605
5127596527230209142
0
-
8437063822701624031
6790507736921978310
1646556085779645721
/
-3621047867817125763
-3401047646813126169
1
*
5732949862409806906
7418463771678914136
42529680859138767989835875459513823216
/
8288900713744762206
8601055766811519423
0
/
-8600555021922101812
-317265894220555637
27
+
-8115042597946585264
-582452790055406327
-8697495388001991591
+
-137147196795207874
-4006096664800258401
-4143243861595466275
*
-9070571899961252704
-5943581018191585162
53911678968751683493882297065018778048
*
-619891016408552799
-6964580139217935298
4317280661358626067036779904998799102
-
-3629195804283420235
-1260862499846314379
-2368333304437105856
/
-4502893244919320498
-3238327590364597882
1
*
1935926486006218471
6856328473765252700
13273347889120744728193595684722621700
-
-3682954934063657685
-4975818330361996101
1292863396298338416
/
2374504567126634128
9159362930822032278
0
-
7324619113306140589
4226679576368267210
3097939536937873379
*
4037295139350135526
7569126444327211219
30558797402808824048839982257277666194
*
679334246015778700
3103236230036456375
2108134644540663677525394484204212500
-
5383265873608829724
1248722857640122647
4134543015968707077
*
-1816282282740657693
-4172479696952702029
7578400948670301273732477592915559097
+
7243403874818720865
9019222014086950217
16262625888905671082
/
-2304446930105848668
-3276021731465411739
0
*
-2328920411082099433
-514220153033364841
1197577810189164125215882134528235153
-
-4695679793424334772
-7526241338702200227
2830561545277865455
+
6041773895612197685
8050477738452573078
14092251634064770763
-
-960368294743877261
-810266637891563084
-150101656852314177
*
8599901992992966338
2699346319666041177
23214113794274216322868890874482899826
-
501511183715527331
7489038736529514587
-6987527552813987256
-
-6570568027024649506
-6092428965737896838
-478139061286752668
-
7989606037315728635
2857667014427104683
5131939022888623952
+
709638499779097855
3616935230584421243
4326573730363519098
+
6213753254358487104
4332958193329359770
10546711447687846874
+
8704038473271064726
582582804572287808
9286621277843352534
+
-7224788756935847196
-667466838891243920
-7892255595827091116
/
-8360444943471663664
-9053079178567944246
0
/
7294967205689051076
5859467802472812152
1
/
-5361517545963707441
-2878531499552173373
1
*
1457909923757695431
6777188794749080655
9880530799044139966857614768743987305
*
4103725169016075427
6099508524512405883
25030706650669665678832446118366537041
/
2934346960451361159
8262996293763889901
0
-
-1497284088439345203
-1588138799940700419
90854711501355216
+
-2599776830691758396
-8334406169604803039
-10934183000296561435
/
-4277306505460568856
-954507953083083608
4
+
-6590079698975328492
-5891120768454213416
-12481200467429541908
/
4341488596997143514
8734829080423730183
0
-
-4806341928811240625
-4368381095518478562
-437960833292762063
-
5079988910445244848
61622106098378203
5018366804346866645
*
8881836113334848982
291463282145190660
2588729105068258696575000448696908120
+
5790451408623178353
4363448833098328532
10153900241721506885
*
-2173612865221208334
-5884334161060946814
12790264435742719800458741827187547876
-
506578765635671511
650834888229608714
-144256122593937203
-
-5377902423104301665
-326711991146626238
-5051190431957675427
+
9045991301186285330
945035877262186887
9991027178448472217
-
-7915869531386726464
-7862099025063644436
-53770506323082028
/
1153507358707279411
638291403470022368
1
+
-5832145259942586108
-3342600462600780671
-9174745722543366779
+
1793487682868298822
6797547680012495987
8591035362880794809
+
-7362776175334929387
-8021383856917461218
-15384160032252390605
-
6192209030334321089
7117209488470183273
-925000458135862184
-
-6204172831712718330
-4950278211094641903
-1253894620618076427
*
-1728300981412150363
-7418281684178676386
12821023515157786066175827495349428118
-
-5105161120551050462
-6643129952213729649
1537968831662679187
+
-3446702983028215523
-5716197177726800
-3452419180205942323
-
-7780491393203107834
-7726194608795278110
-54296784407829724
+
1711564505955136236
2197593199498346111
3909157705453482347
+
5671205351340292125
6466099750117019101
12137305101457311226
+
6732288540781987311
5616963596877688386
12349252137659675697
-
-7000793464389580381
-3190144100411674366
-3810649363977906015
+
6155088528149306665
5067755961043163640
11222844489192470305
-
4764645485251704497
3725220395899013730
1039425089352690767
-
-26126506021159069
-4179998183973189538
4153871677952030469
*
5723857722305747791
8474429602433498941
48506429322025411035850722927611589331
+
4000453623351329160
6937710085062980801
10938163708414309961
+
7707400023346235380
6431408547283845700
14138808570630081080
+
-2051915220699708415
-4357991797171370531
-6409907017871078946
+
1064846719270586547
1687683169865591229
2752529889136177776
-
-4896791830770521607
-3660163766932874857
-1236628063837646750
+
1375635325095491928
6900609936686230745
8276245261781722673
/
-2030231854147912467
-5467991576408180695
0
-
-4531591740476977509
-5142156984986497475
610565244509519966
-
-2604261695327892909
-5095541116368976694
2491279421041083785
-
-971151580606544902
-8906497724283326900
7935346143676781998
/
5608433410405444728
7086255323323010642
0
/
-4706081532588148246
-2352670140305553921
2
-
3112209935587242236
7748694488252920005
-4636484552665677769
+
-3229660975849130244
-651173443016695798
-3880834418865826042
/
6937080065493521378
243319867930955360
28
*
4403881831682305559
2106019337163027658
9274660296103869289124510858324150822
/
-5271427242489310933
-3697539484782942334
1
/
5316479064778040276
587262789262217093
9
/
7657843460474989494
3626091864089466323
2
-
2027633166016485412
2521323756286944079
-493690590270458667
*
-1756126316126663408
-8435480672081755137
14813769597420603429597890852273926896
-
-4736037399880240573
-2152044869760630870
-2583992530119609703
*
-7294375959883144618
-8667216934001799879
63221938842474824688408859726451901222
-
993049633683081284
8219628902723557718
-7226579269040476434
/
5896719078784522798
5460031638902275761
1
+
8220632951098257200
938275673383490599
9158908624481747799
/
3440126992417255592
6965201106481630882
0
*
-243984751159546739
-4048279577077967569
987718485237643029991629193381707491
*
-6169768765291727376
-1435537935255770999
8856937114332433910623670197395168624
/
-4845422179431568597
-5006577711043444702
0
-
605195411963670522
8879648932956054247
-8274453520992383725
/
3684950863259332060
3455064104192732
1066
+
-2840623554131005794
-8116486820341511632
-10957110374472517426
-
2017234854457768208
6077024713370328422
-4059789858912560214
/
-1623959768522631080
-6757007263804120768
0
-
1772446391883630297
4385516807591633896
-2613070415708003599
+
7932266176776776040
5212958842286918178
13145225019063694218
-
7461477892823925716
7938728980069085734
-477251087245160018
/
7140536516860679698
2329178104247080951
3
-
8120594517129729531
4815192980788891268
3305401536340838263
/
8450536121649247532
5044951479889779266
1
*
-1596579526964111031
-7593268707291833681
12123257360799382684128982194069435111
+
-6595711635145075008
-6837928541980982474
-13433640177126057482
*
-4498064941909217228
-5458891411051235556
24554448077738900725885255154201358768
/
3180847042236814912
6338521889490951634
0
/
2177122284876372577
4720882260328442849
0
*
5821191809766225629
4169506647348849082
24271497946312954695200122408281522578
*
5255377626906338271
8484238602963909708
44587877735351618511069158608148834868
-
2816549158386006248
3403268223639596576
-586719065253590328
-
-8646050856040976460
-1569401116170381772
-7076649739870594688
+
-8670926900579708856
-6183901983543717170
-14854828884123426026
/
1824933608240580154
4602517610922559928
0
/
2059807394302030579
4862897927543322053
0
-
-2154383605481477106
-3062485833148414437
908102227666937331
-
7801911291507562654
6488451071252264836
1313460220255297818
/
-9147276802395020252
-1225893121795613066
7
-
-7497381596452691054
-5659364350138022205
-1838017246314668849
-
1248754445457083746
7329167434004474631
-6080412988547390885
*
2989298368503083931
8469530764792568652
25317954497181102160828841773035531012
*
810056706805876137
3723120578910293677
3015938795193259595200679099956285749
*
706563790523396665
5720268406938386992
4041734528417618416650634292092181680
+
6200489532320336706
6036759329660182442
12237248861980519148
+
1216216448353412144
6240233163445411835
7456449611798823979
-
1526292401487278747
6045076794152591468
-4518784392665312721
*
-2526238878708214239
-563083427038775074
1422483245341613706209905084525078686
/
8513849960508770042
2528066340366376784
3
-
-7540240278574336943
-3600158571810206918
-3940081706764130025
-
4055102733223113604
162798502581268078
3892304230641845526
+
9006916562260282932
9050165396030440078
18057081958290723010
/
8978105598660527844
3012125569568080238
2
*
-6459218802086761689
-4577510775851865274
29567143670137128310920289992972687786
*
5771640336686015562
3955630445500580209
22830476236274422488802101127403212458
/
208240558336004682
8950804058818737019
0
/
8809466271094940665
6608107261715108628
1
*
8198134276709234429
4366302823104637265
35795536836586423786329100557894396685
*
-173889831253915349
-5158944610949437182
897088007846293602483991805421106518
-
4778375232718430120
1310419423501933012
3467955809216497108
/
-187930860276614247
-6128119319239017029
0
-
2413500582376300302
7620143431648541496
-5206642849272241194
/
-3664238651442246009
-8427847839133464073
0
+
8170257382197531191
1289530867682887338
9459788249880418529
-
3452572736469371957
6304855789394315254
-2852283052924943297
-
-4491074404174469615
-664713806234663546
-3826360597939806069
-
-876391499713801435
-6747975702299569496
5871584202585768061
+
7284538249610066233
1084816029220321760
8369354278830387993
+
2018054948049399007
4839984674082674641
6858039622132073648
/
-177686557672705450
-7410780848901794984
0
*
9150893477340552670
694861143340274372
6358600304249915559768854599917173240
/
1992851167838435973
7542771018806521965
0
-
-7609865288165997437
-2498331095136943443
-5111534193029053994
*
824615041682077849
5519381504370202872
4551365009285524384783809826627382328
/
4199661475713169988
6888883238598009558
0
-
-3531583049107533969
-4080397425154302893
548814376046768924
-
4268969248074484695
2178426006732377959
2090543241342106736
-
-6474491728782707054
-769178829384135585
-5705312899398571469
/
-3902490256036908343
-3408262338683270592
1
+
-7728523262863095091
-7259071947298196961
-14987595210161292052
+
-4301038551116834371
-570211594509744023
-4871250145626578394
*
5918196682596474034
8512167188142070540
50376679614568958315231486060106358360
/
-3347307799142872552
-2886187750704887213
1
*
-3479458849196464320
-1189931008875592758
4140315978765457748449072837797394560
+
-1512950993879835378
-5825442675144790738
-7338393669024626116
+
4641595732211196888
7501788926107728340
12143384658318925228
*
-2287511256535988215
-7082669679574233424
16201686618352199723961035876923098160
+
819306225975410934
2977669398140126788
3796975624115537722
*
-8579926373582879185
-1266000044213218626
10862187168302085598413188336949699810
-
-5725002769393528031
-4365230490374901145
-1359772279018626886
-
5473807035048712531
6064365862994555135
-590558827945842604
*
3305615041416230485
6573940643560795665
21730917072732060450582119371628847525
-
-1862160261691117755
-460695540447873542
-1401464721243244213
/
-1338130260900956066
-6032022381996602650
0
+
4222164833517167497
6640436275002481148
10862601108519648645
*
-7422051017516078526
-1828850738597035586
13573823485289159717705660395192426236
*
-3597630608595412788
-925803525089950327
3330699099409136507628844090980581676
*
-9058300858557482560
-1206032559538242838
10924605769513543302002487039229905280
-
-3847872336934900879
-4386740807849072235
538868470914171356
-
3720467106684069342
1864507200844884769
1855959905839184573
+
-9075668359628098176
-2968883746527119986
-12044552106155218162
+
7605515602803336558
6731866484449865878
14337382087253202436
-
-5455644718738916677
-1786611720042679122
-3669032998696237555
-
-3038646773825145724
-6291310857575798960
3252664083750653236
-
4349003549024800314
215953932937327995
4133049616087472319
/
1559179350581279866
2673960984010317462
0
-
5716375300714834647
8942880742970295567
-3226505442255460920
-
-974716892641783783
-1210672586644436206
235955694002652423
/
3731692456332732707
7257866688760063673
0
*
2495632615545083005
6502954049731848642
16228984223901783210023414331986529210
-
-6190938603360510571
-6028643227223863354
-162295376136647217
-
-4545879475005139162
-5160074514651042553
614195039645903391
*
3032545785646165808
4574561069638288772
13872565892912609039949595152096707776
*
-1555772336435629724
-7969847389290149484
12399268093871339663030462999633662416
/
4179853895105964865
8064273379244346714
0
+
-5174818838684245149
-4779153267758350470
-9953972106442595619
/
7981807158863973439
2648288780976668171
3
+
6290932641828085621
6696388908735839898
12987321550563925519
*
1984713600677025730
430508111005968044
854435303115319526216934949345772120
-
-5862142031183194554
-834323424649523379
-5027818606533671175
/
-5704300123741419851
-5490606440324064416
1
-
3943647127491156374
2251423719226363957
1692223408264792417
-
6558940674771990405
3509052676502600516
3049887998269389889
-
-3115240316813276074
-8242855509181478382
5127615192368202308
-
-2521206980760325916
-1338100854475193447
-1183106126285132469
*
-7165527699125423753
-4011070097734987851
28741433888453776072972983824681824803
/
-2316086675901031847
-7843834669188000270
0
*
5341642007419846550
576441896687893516
3079146250184823315008395131459969800
*
4513200991651965918
8547842250127040198
38578130119757929517033697597311971764
+
-8301040881076172089
-3013268627851508299
-11314309508927680388
+
-6128088076397993818
-1899716990425978274
-8027805066823972092
/
4912841276042440445
2471153565684575883
1
*
62956863789421370
1957212965608818806
123219990082723857853842203914284220
-
-7026946833081869202
-9134865528033624576
2107918694951755374
-
-2820293116269091755
-40366747449061267
-2779926368820030488
/
-6221739368358149420
-6760626289638334477
0
-
5277059290831766714
5119675288228411436
157384002603355278
/
601315094533507804
4725913927114888949
0
/
753178794577777453
5227985931968057282
0
-
6838019313371980927
1608779639815085071
5229239673556895856
-
9070466093561421186
7450615559114388169
1619850534447033017
/
-3154215792615949286
-243298112330521800
12
+
-3714832602989597463
-9197568708157859676
-12912401311147457139
*
6980680989614144016
8132860722190468835
56772906234574563978976192662249741360
+
293462594950156413
844852752315831167
1138315347265987580
*
8132361437347060263
6482723657410456256
52719851880502289514366994719157355328
-
-2093866566461008405
-1570131154226082439
-523735412234925966
*
265800141451930096
5944462277879823038
1580038914316119552466055460026351648
*
-5417964023470262871
-7221652420809017276
39126653005950187156127209954900359396
/
6803684725018107645
6493060771449639850
1
/
480243309868252132
7073174817067616827
0
+
-1349236651784940797
-7241600808156045491
-8590837459940986288
*
4706723048673214863
5409660151404660150
25461772120105347120316584740443809450
*
-7349617409743059371
-2610838760915832814
19188666011259001840976397040711999994
+
-8198993575272282957
-2140056117380362917
-10339049692652645874
/
-9083772340338269053
-1671548609657066804
5
+
-6729346282419818780
-4311418280247618093
-11040764562667436873
+
6110595493695176762
6253869213278451032
12364464706973627794
-
2716978541452082705
7265884040292729685
-4548905498840646980
-
6429143641571471627
2040143624944807578
4389000016626664049
*
1577958340331527449
6115444740873723502
9649917033698268681277238263749406398
-
-7116779527242302776
-1525564704852781530
-5591214822389521246
*
3051612886645900957
4119616873706750655
12571475939847419365187478715424876835
/
-6554431964611668913
-7630916927371780842
0
*
-7361834707026697960
-6476342627241266905
47677763927821227500287854089179013800
/
-2927315638051643734
-657403786908333864
4
/
5876522514550749267
91986938825891585
63
*
6787496138218458924
4167479517060443367
28286751128152287557169280746917757108
-
-5777410455664330818
-3489732087206455589
-2287678368457875229
-
-2528618263600398616
-6903394592844038328
4374776329243639712
*
3167627750318127221
400050495654056826
1267211051562311754556619175431460546
/
7199803584884135132
854326435690082856
8
/
-6483506872891048829
-7467470726426293265
0
*
3825269459202350670
5141435843771396149
19667377509626990054309070728585569830
/
1038811685886951572
8296156849150829995
0
-
950734643489433478
2320178227054347443
-1369443583564913965
-
622879285860504936
3155828259066108614
-2532948973205603678
-
2523658723152836270
8434157876188897571
-5910499153036061301
+
-1656545688880938920
-6690916398778321889
-8347462087659260809
-
-2540336821346896921
-54245673573839401
-2486091147773057520
*
-7621346852359354043
-5779012693657866760
44043860202554134772375714398961310680
/
-1595053591421972951
-2450009009927661263
0
+
2270476532529597367
3913264388166690957
6183740920696288324
*
-1197874895772556681
-8418190536928190556
10083939112016379226043342451278904636
/
1051408794515371832
5759148139675170886
0
*
-2083530402618669849
-823932249658644815
1716687891861782634654709719240682935
-
5669453198194996739
6551146107645046412
-881692909450049673
/
-7298112202811318404
-751505691830404502
9
*
-765115720376429349
-4734106850220013572
3622139573045074602275312055679124628
/
-2780314439394480564
-7963357646457549996
0
-
-559403039797385631
-297200303788805513
-262202736008580118
-
-6122849017564312815
-1595579516725250196
-4527269500839062619
+
-8490761381695061962
-7484862571994574933
-15975623953689636895
/
692787911091091158
1351157970627019993
0
*
-8561452756105419313
-6384410386258101114
54659827897537484466611363844122414682
/
-3780707715223228242
-3354325792210528676
1
+
-7888087273511155504
-2552205863846812444
-10440293137357967948
/
-25578700155589733
-4536977931777672046
0
/
-684094960780362088
-6451649104499081338
0
-
-215228845208050671
-3186907831604287733
2971678986396237062
-
1322680519103442731
9150987630656579932
-7828307111553137201
*
2785260008953827201
4595515520679718277
12799705600275843999876759517619452677
+
8244465039301699249
8285400987216452756
16529866026518152005
-
6674416602818809809
3264020341357641334
3410396261461168475
*
561570589974337646
2454506974860207449
1378378929968373437772993165930325054
*
-9196460726595237405
-7330742432244306808
67416884874920015698958912118417753240
/
-2889068845687425863
-8091214967093437122
0
/
-494691330910303061
-1624181109827668576
0
+
-8504933231203394806
-6853881362450383184
-15358814593653777990
/
-7956894943528427059
-355667907567110000
22
+
-7308652884323004094
-255296703290402356
-7563949587613406450
/
7431215424192221063
869338461243412878
8
+
-740373930852187862
-3018734168633617256
-3759108099485805118
/
4472186312803934710
8446895802792795948
0
*
-2863348243047390617
-4837176088644611569
13850519654731397546892138102980248073
+
751513190353094485
8759851969337167762
9511365159690262247
/
8379222463476551919
1637788274328372496
5
-
-1972985094931037991
-1513168564923839348
-459816530007198643
*
-3559942923792309884
-2834592361278971714
10090987018370810126923708192358621176
-
-2309810422300697088
-873643774148430706
-1436166648152266382
/
-7602889285119423926
-7128004137941688357
1
/
-1798697745361657790
-4720092805397302018
0
-
578846477445365241
1008499905500693185
-429653428055327944
-
8886461522734330674
4002642773234615716
4883818749499714958
/
-2435882486937275579
-7866805383079844177
0
/
-2969915389099781009
-7116838309187314391
0
/
8732951173190222787
3978491948818743972
2
*
-1327056711526853874
-3554930760378753999
4717594724573887439098349540666142126
/
-6318384767172746765
-4187601789754488246
1
-
2915066450326162148
6775398273746481937
-3860331823420319789
/
1206230011105619586
5344423789708244426
0
